Example:ad1D
Analysis Finished Successfully.
Epsilon = 1.000000
L= 1.000000
Sensitivity Type: Non-expansive Expected linear-sensitive

Data Generated for Table 3 in the paper:
Runtime = 10.520871 seconds
eta(b)=1.1111111111111111111111111111111*p_x
 
K = -2.222222
d = 2.000000
M = 1.111111
c = 2.222222
