Example:double
Analysis Finished Successfully.
Epsilon = 1.000000
L= 1.000000
Sensitivity Type: Non-expansive Expected linear-sensitive

Data Generated for Table 3 in the paper:
Runtime = 11.226428 seconds
eta(b)=45.454545454545454545454545454545 - 2.2727272727272727272727272727273*p_x1
 
K = -3.409091
d = 2.868000
M = 2.272727
c = 6.518182
