Example:prdwalk
Analysis Finished Successfully.
Epsilon = 1.000000
L= 1.000000
Sensitivity Type: Non-expansive Expected linear-sensitive

Data Generated for Table 3 in the paper:
Runtime = 8.986496 seconds
eta(b)=571.42857142857142857142857142857 - 0.57142857142857142857142857142857*p_x
 
K = -2.857143
d = 5.000000
M = 0.571429
c = 2.857143
