Example:vamerican
Analysis Finished Successfully.
Epsilon = 1.000000
L= 1.000000
Sensitivity Type: Non-expansive Expected linear-sensitive

Data Generated for Table 3 in the paper:
Runtime = 29.733915 seconds
eta(b)=2.0750853242320819112627986348123*p_x - 2.0750853242320819112627986348123
 
K = -4.150171
d = 35.000000
M = 2.075085
c = 72.627986
