Example:vmini
Analysis Finished Successfully.
Epsilon = 1.000000
L= 1.000000
Sensitivity Type: Non-expansive Expected linear-sensitive

Data Generated for Table 3 in the paper:
Runtime = 14.470504 seconds
eta(b)=2.4528301886792452830188679245283*p_x - 2.4528301886792452830188679245283
 
K = -4.905660
d = 9.000000
M = 2.452830
c = 22.075472
