Example:input
Analysis Finished Successfully.
Epsilon = 1.000000
L= 1.000000
Data Generated:
Runtime = 9.583397 seconds
eta(b)=2500.0 - 2.5*p_x
 
K = -7.500000
d = 3.000000
M = 2.500000
c = 7.500000
