Example:ad2D
Analysis Finished Successfully.
Epsilon = 1.000000
L= 1.000000
Sensitivity Type: Non-expansive Expected affine-sensitive

Data Generated for Table 2 in the paper:
Runtime = 10.791043 seconds
eta(b)=0.76923076923076923076923076923077*p_y - 0.76923076923076923076923076923077*p_x
 
K = -2.307692
d = 3.000000
M = 1.538462
