Example:prspeed
Analysis Finished Successfully.
Epsilon = 1.000000
L= 1.000000
Sensitivity Type: Non-expansive Expected affine-sensitive

Data Generated for Table 2 in the paper:
Runtime = 9.315698 seconds
eta(b)=1714.2857142857142857142857142857 - 1.7142857142857142857142857142857*p_x
 
K = -5.142857
d = 3.000000
M = 1.714286
