Example:vad1D
Analysis Finished Successfully.
Epsilon = 1.000000
L= 1.000000
Sensitivity Type: Non-expansive Expected affine-sensitive

Data Generated for Table 2 in the paper:
Runtime = 10.417975 seconds
eta(b)=2.8571428571428571428571428571429*p_x
 
K = -2.857143
d = 2.000000
M = 2.857143
